1 2
1 3
2 3
4 5
3 6
4 6
4 7
5 7
2 8
3 8
4 8
6 8
7 8
2 9
8 9
9 10
7 11
8 11
9 11
10 11
2 12
9 12
10 12
7 13
11 13
13 14
15 16
15 17
16 18
18 19
21 22
6 23
21 23
23 24
24 25
24 26
25 26
21 27
22 27
23 27
24 27
25 27
25 28
22 29
25 29
27 29
28 29
20 30
15 31
17 31
30 31
4 32
5 32
20 32
30 32
4 33
30 33
31 33
32 33
15 34
16 34
17 34
18 34
31 34
33 34
35 36
18 37
34 37
36 37
18 38
19 38
35 38
36 38
37 38
22 39
35 39
36 39
33 40
36 40
39 40
4 41
6 41
21 41
22 41
23 41
33 41
39 41
40 41
33 42
34 42
36 42
37 42
40 42
25 43
26 43
1 44
3 44
6 44
23 44
24 44
43 45
24 46
26 46
43 46
44 46
43 47
45 47
46 47
46 48
47 48
45 49
47 49
48 49
49 50
49 52
50 52
51 52
48 54
49 54
53 54
1 55
2 55
53 55
54 55
2 56
12 56
53 56
55 56
49 57
50 57
54 57
49 58
50 58
51 58
52 58
51 59
52 59
1 60
44 60
46 60
48 60
54 60
55 60
54 61
57 61
51 62
59 62
53 63
54 63
55 63
61 63
64 65
64 67
65 67
67 68
65 69
67 69
68 69
66 70
66 71
66 72
70 72
66 73
71 73
68 74
73 74
66 75
68 75
70 75
73 75
74 75
79 82
79 83
81 83
81 85
84 85
78 86
80 86
76 87
80 87
79 88
82 88
83 88
86 89
80 90
86 90
89 90
84 91
85 91
65 92
85 92
78 93
81 94
85 94
92 94
81 95
83 95
84 95
85 95
82 96
88 96
89 97
90 97
77 98
76 99
78 99
86 99
93 99
81 100
83 101
84 101
95 101
93 102
99 102
83 103
88 103
96 103
77 105
82 105
96 105
102 105
103 105
80 106
87 106
90 106
76 107
82 107
99 107
102 107
105 107
77 108
83 108
101 108
103 108
105 108
84 109
101 109
104 109
108 109
76 110
82 110
87 110
100 110
107 110
77 111
98 111
104 111
108 111
109 111
93 112
102 112
105 112
64 113
65 113
85 113
91 113
92 113
76 114
80 114
86 114
87 114
99 114
84 115
91 115
109 115
77 116
98 116
105 116
112 116
79 117
82 117
100 117
110 117
105 118
112 118
116 118
79 119
81 119
83 119
100 119
117 119
43 121
45 121
51 122
58 122
62 122
25 123
28 123
43 123
121 123
45 124
49 124
121 124
122 125
122 126
124 126
125 126
125 127
120 128
125 128
127 128
125 129
126 129
127 129
49 130
58 130
122 130
124 130
126 130
120 131
128 131
120 132
127 132
128 132
131 132
90 133
97 133
123 133
122 134
125 134
128 134
128 135
131 135
127 136
129 136
132 136
133 136
121 137
123 137
124 137
126 137
129 137
133 137
136 137
90 138
106 138
131 138
132 138
133 138
136 138
131 140
138 140
139 140
139 141
139 142
140 142
141 142
141 143
142 143
106 144
138 144
140 144
81 145
100 145
110 145
144 145
87 146
106 146
110 146
144 146
145 146
140 147
142 147
143 147
144 147
131 148
135 148
139 148
140 148
141 148
150 151
150 152
151 152
151 153
149 154
150 154
156 157
157 158
156 159
16 160
18 160
19 160
155 160
155 161
156 161
157 161
159 161
155 162
16 163
155 163
160 163
162 163
164 165
64 166
164 167
164 169
166 169
167 169
64 170
91 170
104 170
109 170
113 170
115 170
166 170
168 170
169 170
164 171
165 171
167 171
172 174
172 175
165 179
173 179
172 180
174 180
178 180
175 181
177 181
172 182
178 182
180 182
175 183
181 183
172 185
175 185
178 185
182 185
173 187
176 187
179 187
172 188
175 188
171 189
176 189
176 190
186 190
176 191
189 191
190 191
167 192
171 192
189 192
190 192
191 192
64 193
166 193
175 194
178 194
183 194
184 194
185 194
186 194
67 195
68 195
184 195
194 195
73 196
178 197
186 197
190 197
194 197
64 198
67 198
186 198
190 198
193 198
194 198
195 198
68 199
73 199
74 199
196 199
181 200
183 200
184 200
194 200
199 200
184 201
195 201
199 201
200 201
68 202
195 202
199 202
201 202
176 203
190 203
197 203
172 204
174 204
175 204
177 204
181 204
188 204
166 205
167 205
169 205
193 205
173 206
176 206
178 206
187 206
197 206
203 206
165 207
171 207
176 207
179 207
187 207
189 207
167 208
190 208
192 208
193 208
198 208
205 208
68 209
69 209
144 209
147 209
65 210
69 210
144 210
209 210
70 211
72 211
147 211
68 212
70 212
75 212
147 212
209 212
211 212
65 213
81 213
92 213
94 213
144 213
145 213
210 213
104 215
170 215
215 217
216 217
169 218
170 218
215 218
217 218
219 220
219 221
22 222
35 222
38 222
39 222
219 222
221 222
22 223
29 223
219 223
220 223
222 223
219 224
220 224
219 225
221 225
224 225
164 226
169 226
216 226
217 226
218 226
28 229
29 229
29 230
214 230
223 230
228 230
229 230
220 231
223 231
227 231
230 231
227 232
228 232
230 232
231 232
220 233
224 233
227 233
231 233
93 235
112 235
234 235
234 236
104 237
111 237
234 237
98 238
111 238
112 238
116 238
234 238
235 238
237 238
234 239
236 239
237 239
236 240
239 240
239 241
240 241
228 242
232 242
228 243
242 243
236 244
240 244
233 245
240 245
241 245
244 245
236 246
243 246
244 246
227 247
232 247
233 247
242 247
243 247
244 247
245 247
246 247
78 248
93 248
234 248
235 248
236 248
246 248
123 249
228 249
230 249
97 250
133 250
123 251
133 251
249 251
250 251
89 252
228 252
243 252
246 252
89 253
97 253
228 253
249 253
250 253
251 253
252 253
28 254
123 254
229 254
230 254
249 254
78 255
86 255
89 255
246 255
248 255
252 255
241 257
245 257
256 257
104 258
215 258
216 258
217 258
237 258
256 258
237 259
239 259
241 259
256 259
257 259
258 259
216 260
226 260
256 260
257 260
258 260
261 262
262 263
264 265
265 266
264 267
265 267
152 268
267 268
265 269
266 269
267 269
151 270
269 270
267 271
268 271
269 271
270 271
151 272
152 272
268 272
270 272
271 272
150 273
151 273
153 273
155 273
160 273
161 273
150 274
154 274
159 274
161 274
273 274
19 275
153 275
160 275
273 275
265 276
266 276
266 277
269 277
270 277
276 277
276 278
277 278
277 279
277 280
278 280
277 281
279 281
280 281
221 282
222 282
279 282
19 283
38 283
222 283
282 283
19 284
151 284
153 284
270 284
275 284
277 284
279 284
282 284
283 284
263 285
264 285
267 285
263 286
264 286
285 286
264 287
265 287
276 287
286 287
154 288
274 288
159 289
159 290
274 290
288 290
289 290
