0.373066469575213
0.531908872096867
0.419952525559218
0.433737367017198
0.283640787009341
0.278293251672725
0.478240857122497
0.363480364051327
0.495268324706755
0.146124400931048
0.27359220437487
0.238296008741442
0.406066792208604
0.648827618580743
0.19265544574708
0.451815270037361
0.114636199309405
0.166843589504673
0.107137739054899
1.57540025000544
0.154456174091157
0.174452236886564
0.183758658762915
0.269637437703327
0.367633438828695
0.249172589222019
0.192245835930157
0.244051486288338
0.415191147425918
0.357208212069127
0.161699024985646
0.37497445124958
0.456101710971209
0.254541790278865
0.109651243769795
0.311805608322461
0.140773120965169
0.206889585486137
0.150518897736624
0.176872619087688
0.362405814715098
0.261260666187042
0.212877354649562
0.689009352350351
0.204869515459986
0.477082575129792
0.368370804729257
0.284640592719636
0.505879686740098
0.0755110272492026
0.0848998559944783
0.106620212433867
0.125384340951888
0.346213578063454
0.0887190481233861
0.133664699147957
0.230495745832667
0.133259991863935
0.0658842183496469
0.293182339912353
0.316648444599107
0.142501219293734
1.13698441407908
0.707191250574233
0.736379981307205
1.38755700542226
1.00888061897029
0.729831332929296
0.468429331316948
0.621234638468481
0.594935462583946
0.568335785233378
1.02130065318681
0.542018880326394
0.782804951134378
0.230748124699703
0.30192585552159
0.292737342755666
0.252029475704956
0.132498732421573
0.582581509496917
0.526882612420284
0.344616613790564
0.426041454652948
0.314070600243207
1.04217711137811
0.168893399369938
1.97871500846682
0.300737722581772
0.442076089037021
0.0838395955705866
0.0815397522301638
0.294648357265319
0.254252684166352
0.353915067738486
0.154150618665992
0.136355674105663
0.140539517103438
0.326931125873648
0.183651515996046
0.356717828740603
0.18048904166538
0.242594280726486
0.212359414448065
0.335175144421511
0.338962610858376
0.319187014580466
0.629445532929458
0.276247466151815
0.221401364774968
0.373020454538608
0.244724866098522
0.355605324057886
0.251346532293056
0.169366720039152
0.606697577181104
0.17612287894826
0.164206248125957
0.258661848984501
0.736749501150816
0.151319302007615
0.463759641494242
0.278882002917216
1.14273283417781
0.695718736435815
1.20448663725253
0.617306782792573
4.89061926708056
0.661635163801399
0.449756934707908
0.499893372631153
0.924862865200414
1.23787233470238
0.836883469701467
0.536237702544626
1.4023873114733
0.432770940583537
0.840640254839372
4.48954630061249
2.0908135293564
2.06829071704717
2.42449490807583
3.64602026571409
2.29511438129864
0.958759142736386
0.633543189882806
1.96926374856727
2.25123060729059
0.345482852771325
0.0709251466244623
0.181105482190481
0.173556599504132
0.187561165582425
0.487558133728949
0.219950867472476
0.0920243035274708
0.376537712900112
0.0280299156673271
0.194876045320868
0.209174118221675
0.220663141475351
0.0684886838700106
0.099410736999677
0.520696151528038
0.431534938699604
2.18027238195668
3.27631050771358
1.30062368127768
2.72503747705495
2.66609364931381
2.84546510673137
3.19999602281902
3.1005490699312
4.1858621121457
4.63869307267309
5.09589470498931
1.8750496256283
4.67474897483909
4.43380636259563
3.22955691936794
4.43171332162751
2.25718588515171
3.64806319793483
2.52083368352273
3.55825094661668
1.39386923723333
2.65611482843984
4.23955292546584
4.90406037825854
6.683262129125
10.3667465593172
6.33633495782678
3.6056946490831
3.67100762854784
2.72101333845653
11.0713875899073
2.084583811852
4.2842894145642
3.88049150728082
3.45609530634328
4.18154415151777
6.2947038517582
3.52698349317633
5.3582544166389
3.94952071555228
2.52625232508204
2.56678246833237
3.56888482782888
0.60402569203469
0.752686704239074
2.54005577094784
1.34435051842239
0.809658713620766
1.73094120433652
0.123711998433609
0.108362888819707
0.226369174629012
0.0445719683597377
0.218638729716384
0.199118312118003
0.483551981239349
0.181525600726381
0.405993402621011
0.216603793962852
0.16771544200626
0.0630968109797744
0.178858481328446
0.459681653696033
0.0942172169202391
0.893613310579141
0.219853875050613
0.198529847259757
0.227404776683748
0.297102110367769
0.245983743511293
0.194413672846916
0.231779452070377
0.338409903218806
0.347799597785412
0.153484429064385
0.0995996485933727
0.202017227258088
0.265223769523666
0.22169670499866
0.343979951320635
0.31388089912976
0.640229133778188
0.20509185706771
0.430411248435478
0.22494246608222
0.189348192394427
0.539867822464785
0.682564448420457
0.198609625592611
0.19827589180422
0.104561997902269
0.141212551336532
0.104093568525229
0.172461615922335
0.117491389166082
1.2288926237102
1.26181064268549
0.377002613403934
0.279222882780266
0.241459503907647
0.880058439644306
0.297784310302677
0.259697745574682
0.26195695278854
0.539493221783282
0.429135774451747
0.32389913100787
0.360902975734596
0.451252489638789
0.23957160277073
0.241226413506194
0.281857990712625
0.345486716349104
0.557748608016201
0.505764117251066
0.411834721013677
0.26075471257912
0.129197114552594
0.317989625146413
0.616136753648407
0.605867331432821
0.37339171924379
0.24985650665098
0.0396528652182615
0.218045341322874
