1.1435699
7.50914
12.4408998
10.5179996
-3.9886899
7.8381801
2.90416
6.9305902
0.667665
-1.44857
1.58172
2.2216401
-14.7075996
-7.6213999
-10.5692997
-12.7272997
-3.0734
-1.5862401
-7.9791298
-16.4743004
-7.29949
-3.61605
-16.6520004
-3.6121299
-4.1711001
-6.6462302
-6.74933
9.98841
6.1052699
-1.45263
8.7581997
-8.3298101
-16.3572006
-15.7805996
-15.6106997
-5.7722502
-11.7143002
-14.0565004
-14.3570995
-16.0044003
-12.1657
-10.8154001
-9.6467104
-12.2756004
2.76648
13.1252003
-7.3626099
-3.4126
-0.449571
-2.1457801
-0.393154
-1.65798
-16.0415001
-1.19723
1.0716701
2.20714
-13.5714998
-13.3373003
8.5808601
-11.0618
-15.9337997
-17.4608002
-12.1427002
5.9682202
-7.3919902
-9.1760998
13.2145996
-10.7251997
-6.7736101
-16.2080002
-3.3250899
-7.7017698
-4.5696402
1.7947
3.54182
-2.43663
-13.4969997
-0.450589
8.0022202
5.90481
5.3131399
7.4210401
-10.7383003
-16.4801998
7.1416798
-13.0550003
-16.4101009
-13.5916996
-5.8637099
-14.1101999
-0.773846
0.410904
-13.3559999
-10.3106003
0.0194967
11.2446003
-15.7995996
-4.9912901
0.629001
-1.70979
-11.0354004
-9.8148499
-8.2062998
-8.1866198
0.0658734
-10.2948999
-6.6026001
-4.2554498
7.0468502
-3.0234201
9.5504904
-1.50228
-5.8572698
7.7061901
-15.1863003
-10.6969995
-12.8070002
-8.59097
-9.1062803
8.51334
-16.0545006
0.870783
-8.1296301
7.6308298
-11.4754
4.5007
-16.2546005
-12.2075996
-4.9786801
-11.2013998
-11.0212002
-9.10114
-12.7480001
-10.0241003
-9.4340496
6.6960402
-11.3449001
-14.7740002
-8.1601896
-6.7478099
-4.43013
0.730307
0.884925
-10.9485998
-2.83232
-3.88082
-11.7945995
1.7864
-7.36274
0.201646
-13.1983004
-0.315674
-10.0997
-1.8127199
-5.5599499
4.37256
-12.3100004
-5.08776
3.56495
-4.3804798
-12.6953001
-5.2668099
-15.0474997
2.4117899
-9.86518
-8.32162
-2.16941
-16.0020008
-15.7400999
-14.9280996
-9.3374901
-5.3730202
-12.1761999
-11.8064003
-8.6185598
7.29918
-5.8933401
-10.2087002
1.27894
-7.7648201
-13.6043997
-15.9231997
-16.8269005
2.7787499
1.8257101
-10.5480003
-4.1086798
-3.41695
-12.4265003
-7.5942101
-3.4223399
-4.2354298
-1.20558
-0.508672
-7.5272598
8.1872501
-3.0243199
-4.0225201
2.1275101
5.60116
-8.7726603
-5.8930502
-9.5960302
-15.8247004
-16.0079002
-0.966658
-8.79142
3.4670501
-15.2707996
5.1570001
4.53613
-1.30718
-0.333657
2.5396199
-16.6082001
3.61885
-2.1691599
-17.3640003
-12.6388998
2.62889
9.5471601
1.12983
-14.6145
-3.3600399
-12.7334995
-11.5670996
-15.1869001
-9.3866501
-7.8723998
6.92519
-17.2092991
-4.9425998
-2.6138201
-1.0304
-5.5605998
0.458693
-15.5857
-6.1848302
-0.0324021
-9.4721098
-5.9134202
-8.8148499
-2.22313
5.3175702
-1.28869
-3.01601
-5.44771
-3.12328
5.2272601
-13.7719002
1.74014
10.8254995
-13.3662996
-4.9602799
-16.8640003
2.1881299
-16.6653004
-14.9896002
-3.30405
-4.3847699
-11.8753004
-11.5183001
-3.51876
-0.820531
-14.1667995
-2.2095399
-4.94521
-13.8797998
0.392035
-2.4159601
-16.3929996
-13.0862999
-13.2444
-6.4015999
0.600737
-9.1082897
-8.0967503
-2.38483
-10.5586996
11.4429998
-4.7790198
-4.4906998
6.2617302
-3.3475499
-16.2126999
10.0313997
-1.88904
-2.3757801
2.1086199
-0.979185
