-1
-1
-1
-1
-1
-1
-1
-1
-1
-1
-1
-1
-1
-1
-1
-1
-1
-1
198
-1
-1
-1
-1
-1
-1
-1
-1
-1
-1
-1
-1
147
-1
-1
-1
-1
58
26
166
-1
85
75
80
82
-1
-1
-1
-1
-1
-1
-1
-1
-1
-1
-1
-1
0
128
-1
-1
-1
122
138
-1
-1
-1
-1
-1
-1
-1
-1
-1
-1
-1
-1
-1
109
-1
-1
-1
-1
-1
171
-1
-1
123
-1
-1
-1
-1
-1
-1
-1
165
-1
-1
-1
-1
-1
-1
95
98
169
-1
-1
0
-1
-1
-1
-1
-1
-1
-1
-1
-1
28
40
-1
175
-1
-1
-1
-1
-1
176
-1
-1
-1
-1
52
-1
127
147
141
-1
-1
172
-1
-1
-1
-1
-1
-1
94
-1
-1
-1
-1
-1
-1
-1
-1
29
-1
-1
-1
-1
-1
85
-1
-1
-1
-1
-1
27
157
-1
-1
-1
-1
27
-1
-1
-1
-1
-1
-1
60
-1
179
-1
-1
-1
-1
-1
46
-1
-1
94
-1
-1
-1
-1
-1
-1
-1
-1
-1
-1
-1
82
-1
-1
-1
-1
-1
98
-1
-1
-1
-1
-1
-1
-1
-1
-1
-1
-1
92
-1
-1
-1
-1
-1
41
97
-1
96
152
107
-1
-1
-1
-1
-1
-1
-1
-1
-1
83
-1
116
-1
-1
-1
-1
-1
-1
-1
-1
-1
-1
27
-1
-1
-1
-1
-1
-1
-1
99
-1
-1
-1
-1
-1
-1
-1
-1
-1
-1
103
76
-1
-1
103
-1
-1
-1
-1
-1
-1
-1
-1
-1
-1
-1
-1
-1
-1
