19.4740009
5.4517899
9.3373699
19.4853992
6.0725698
4.9122901
11.3341999
6.20822
15.6652002
6.8036199
10.6934996
6.6119199
12.1617002
8.3822298
13.7129002
14.0381002
11.7222004
13.4702997
12.6110001
14.7959003
13.8697996
14.4927998
13.4491997
13.6557999
12.2539997
13.0489998
5.3570199
10.7756004
4.7678099
11.9605999
7.3242798
8.8924503
12.8934002
11.8764
11.8755999
12.9426003
7.95329
10.3793001
11.0874996
11.3111
9.31141
6.6986299
6.9486499
7.5009198
9.7883596
11.7976999
11.3343
10.8471003
11.5098
12.3157997
17.7458992
7.70609
12.1941996
5.5609598
8.61831
8.1293001
9.6266603
9.7425098
5.8577399
10.7280998
16.2278004
14.7220001
10.9141998
5.7122598
9.6456499
14.5887003
15.8604002
11.6080999
12.3677998
14.7582998
16.2542
7.4001899
13.9679003
9.3556299
13.1983004
15.1490002
10.1379004
6.4127598
6.2652998
6.6242099
7.70292
6.5341501
9.9902096
14.3170996
8.8614197
9.4204302
13.8470001
10.5093002
6.2213101
12.1632004
12.2525997
16.6620007
11.7236996
7.3967299
12.9440002
10.4054003
14.4970999
18.6065998
12.1431999
16.0955009
7.0935102
6.2178702
5.9391298
4.7797799
5.8217502
8.6985703
7.0225
11.2917004
5.5502701
11.0837002
12.2160997
12.3225002
10.6374998
10.3555002
14.2034998
8.0851002
9.18221
11.9412003
10.0597
11.7361002
14.0604
9.5897598
12.5230999
12.3725996
14.5263004
11.7662001
15.2974997
12.8369999
11.4239998
7.9244599
12.7110004
9.2628403
10.0972004
9.2423201
13.2306004
7.7163601
9.45222
13.0550003
13.7814999
10.9202003
10.2981997
12.7482996
11.4319
8.6857595
14.2975998
12.9242001
11.7763996
7.0276098
13.1644001
11.4148998
12.3718004
12.1932001
10.5812998
12.6257
12.3881998
8.9825497
11.3834
6.9047999
6.52706
5.5998001
11.5018997
10.6174002
15.2837
6.3646898
7.9780002
7.9829402
13.9373999
15.7376003
13.3843002
13.5952997
8.4493198
13.9909
12.0988998
10.4937
10.7580004
14.1162004
7.1099701
6.51475
6.49473
4.7287798
15.1568003
14.7728004
14.4604998
16.6921005
6.5844698
6.5419302
14.7559996
12.2007999
8.05931
6.4175501
6.7010102
7.10043
11.2039003
13.1807003
14.9429998
8.4988604
12.6964998
15.8638
13.5307999
9.9359798
6.8030901
14.8755999
15.0626001
13.7282
13.5056
9.3537598
7.9532299
7.0016999
12.2858
6.90872
7.5347199
12.6393003
14.6533003
6.6268201
12.4639997
8.1436596
12.9005003
14.7653999
10.8983002
7.1795001
9.2098999
7.4421201
16.2091999
10.302
8.7240896
7.29498
11.6639004
5.8787298
5.28721
4.8604202
14.7560997
13.1712999
12.2122002
13.2421999
9.5662899
10.5813999
12.8886003
13.6805
13.9477997
11.6784
11.5038996
5.3475099
11.2932997
13.0348997
14.2368002
13.2495003
5.6668
5.5127201
15.7767
13.7045002
12.0691004
8.0360298
10.9201002
14.6823997
14.7440996
14.1849003
15.0867996
11.3298998
21.1931
13.2868996
8.6617603
11.5014
11.4394999
10.7777004
13.3900003
10.3961
8.2702904
12.9888
7.2690001
5.75279
13.2433004
8.3221998
8.4532099
8.3676395
13.4042997
7.53864
10.9638996
13.6032
15.0885
12.2973003
12.3408003
15.4155998
12.0885
8.6700802
12.5181999
14.9870005
11.6345997
13.1952
7.2746601
11.5716
